
================ CANONICAL FORM ================
Variables: x1, x2, s1, s2, e1, a1, e2, a2
Initial Basic Variables: x2, s2, x1, a1
================================================


================ SIMPLEX ITERATIONS ================
--- Tableau Iteration 0 ---
Basic           x1        x2        s1        s2        e1        a1        e2        a2       RHS
Z       -1000003,00-1000002,00      0,00      0,001000000,00      0,001000000,00      0,00-50000000,00
s1            0,03      0,02      1,00      0,00      0,00      0,00      0,00      0,00      1,00
s2            0,02      0,02      0,00      1,00      0,00      0,00      0,00      0,00      1,00
a1            1,00      0,00      0,00      0,00     -1,00      1,00      0,00      0,00     30,00
a2            0,00      1,00      0,00      0,00      0,00      0,00     -1,00      1,00     20,00

--- Tableau Iteration 1 ---
Basic           x1        x2        s1        s2        e1        a1        e2        a2       RHS
Z             0,00-1000002,00      0,00      0,00     -3,001000003,001000000,00      0,00-19999910,00
s1            0,00      0,02      1,00      0,00      0,03     -0,03      0,00      0,00      0,25
s2            0,00      0,02      0,00      1,00      0,02     -0,02      0,00      0,00      0,40
x1            1,00      0,00      0,00      0,00     -1,00      1,00      0,00      0,00     30,00
a2            0,00      1,00      0,00      0,00      0,00      0,00     -1,00      1,00     20,00

--- Tableau Iteration 2 ---
Basic           x1        x2        s1        s2        e1        a1        e2        a2       RHS
Z             0,00      0,0060000120,00      0,001500000,00-500000,001000000,00      0,00-4999880,00
x2            0,00      1,00     60,00      0,00      1,50     -1,50      0,00      0,00     15,00
s2            0,00      0,00     -1,20      1,00     -0,01      0,01      0,00      0,00      0,10
x1            1,00      0,00      0,00      0,00     -1,00      1,00      0,00      0,00     30,00
a2            0,00      0,00    -60,00      0,00     -1,50      1,50     -1,00      1,00      5,00

--- Tableau Iteration 3 ---
Basic           x1        x2        s1        s2        e1        a1        e2        a2       RHS
Z             0,00      0,0040000120,00      0,001000000,00      0,00 666666,67 333333,33-3333213,33
x2            0,00      1,00      0,00      0,00      0,00      0,00     -1,00      1,00     20,00
s2            0,00      0,00     -0,80      1,00      0,00      0,00      0,01     -0,01      0,07
x1            1,00      0,00     40,00      0,00      0,00      0,00      0,67     -0,67     26,67
a1            0,00      0,00    -40,00      0,00     -1,00      1,00     -0,67      0,67      3,33

================ FINAL RESULT ================
Status: Infeasible
==============================================

