
================ CANONICAL FORM ================
Variables: x1, x2, x3, x4, x5, x6, s1, s2, s3, s4, s5, s6, s7
Initial Basic Variables: x5, s2, x2, x3, x4, s6, x6
================================================


================ SIMPLEX ITERATIONS ================
--- Tableau Iteration 0 ---
Basic           x1        x2        x3        x4        x5        x6        s1        s2        s3        s4        s5        s6        s7       RHS
Z            -2,00     -3,00     -3,00     -5,00     -2,00     -4,00      0,00      0,00      0,00      0,00      0,00      0,00      0,00      0,00
s1           11,00      8,00      6,00     14,00     10,00     10,00      1,00      0,00      0,00      0,00      0,00      0,00      0,00     40,00
s2            1,00      0,00      0,00      0,00      0,00      0,00      0,00      1,00      0,00      0,00      0,00      0,00      0,00      1,00
s3            0,00      1,00      0,00      0,00      0,00      0,00      0,00      0,00      1,00      0,00      0,00      0,00      0,00      1,00
s4            0,00      0,00      1,00      0,00      0,00      0,00      0,00      0,00      0,00      1,00      0,00      0,00      0,00      1,00
s5            0,00      0,00      0,00      1,00      0,00      0,00      0,00      0,00      0,00      0,00      1,00      0,00      0,00      1,00
s6            0,00      0,00      0,00      0,00      1,00      0,00      0,00      0,00      0,00      0,00      0,00      1,00      0,00      1,00
s7            0,00      0,00      0,00      0,00      0,00      1,00      0,00      0,00      0,00      0,00      0,00      0,00      1,00      1,00

--- Tableau Iteration 1 ---
Basic           x1        x2        x3        x4        x5        x6        s1        s2        s3        s4        s5        s6        s7       RHS
Z            -2,00     -3,00     -3,00      0,00     -2,00     -4,00      0,00      0,00      0,00      0,00      5,00      0,00      0,00      5,00
s1           11,00      8,00      6,00      0,00     10,00     10,00      1,00      0,00      0,00      0,00    -14,00      0,00      0,00     26,00
s2            1,00      0,00      0,00      0,00      0,00      0,00      0,00      1,00      0,00      0,00      0,00      0,00      0,00      1,00
s3            0,00      1,00      0,00      0,00      0,00      0,00      0,00      0,00      1,00      0,00      0,00      0,00      0,00      1,00
s4            0,00      0,00      1,00      0,00      0,00      0,00      0,00      0,00      0,00      1,00      0,00      0,00      0,00      1,00
x4            0,00      0,00      0,00      1,00      0,00      0,00      0,00      0,00      0,00      0,00      1,00      0,00      0,00      1,00
s6            0,00      0,00      0,00      0,00      1,00      0,00      0,00      0,00      0,00      0,00      0,00      1,00      0,00      1,00
s7            0,00      0,00      0,00      0,00      0,00      1,00      0,00      0,00      0,00      0,00      0,00      0,00      1,00      1,00

--- Tableau Iteration 2 ---
Basic           x1        x2        x3        x4        x5        x6        s1        s2        s3        s4        s5        s6        s7       RHS
Z            -2,00     -3,00     -3,00      0,00     -2,00      0,00      0,00      0,00      0,00      0,00      5,00      0,00      4,00      9,00
s1           11,00      8,00      6,00      0,00     10,00      0,00      1,00      0,00      0,00      0,00    -14,00      0,00    -10,00     16,00
s2            1,00      0,00      0,00      0,00      0,00      0,00      0,00      1,00      0,00      0,00      0,00      0,00      0,00      1,00
s3            0,00      1,00      0,00      0,00      0,00      0,00      0,00      0,00      1,00      0,00      0,00      0,00      0,00      1,00
s4            0,00      0,00      1,00      0,00      0,00      0,00      0,00      0,00      0,00      1,00      0,00      0,00      0,00      1,00
x4            0,00      0,00      0,00      1,00      0,00      0,00      0,00      0,00      0,00      0,00      1,00      0,00      0,00      1,00
s6            0,00      0,00      0,00      0,00      1,00      0,00      0,00      0,00      0,00      0,00      0,00      1,00      0,00      1,00
x6            0,00      0,00      0,00      0,00      0,00      1,00      0,00      0,00      0,00      0,00      0,00      0,00      1,00      1,00

--- Tableau Iteration 3 ---
Basic           x1        x2        x3        x4        x5        x6        s1        s2        s3        s4        s5        s6        s7       RHS
Z            -2,00      0,00     -3,00      0,00     -2,00      0,00      0,00      0,00      3,00      0,00      5,00      0,00      4,00     12,00
s1           11,00      0,00      6,00      0,00     10,00      0,00      1,00      0,00     -8,00      0,00    -14,00      0,00    -10,00      8,00
s2            1,00      0,00      0,00      0,00      0,00      0,00      0,00      1,00      0,00      0,00      0,00      0,00      0,00      1,00
x2            0,00      1,00      0,00      0,00      0,00      0,00      0,00      0,00      1,00      0,00      0,00      0,00      0,00      1,00
s4            0,00      0,00      1,00      0,00      0,00      0,00      0,00      0,00      0,00      1,00      0,00      0,00      0,00      1,00
x4            0,00      0,00      0,00      1,00      0,00      0,00      0,00      0,00      0,00      0,00      1,00      0,00      0,00      1,00
s6            0,00      0,00      0,00      0,00      1,00      0,00      0,00      0,00      0,00      0,00      0,00      1,00      0,00      1,00
x6            0,00      0,00      0,00      0,00      0,00      1,00      0,00      0,00      0,00      0,00      0,00      0,00      1,00      1,00

--- Tableau Iteration 4 ---
Basic           x1        x2        x3        x4        x5        x6        s1        s2        s3        s4        s5        s6        s7       RHS
Z            -2,00      0,00      0,00      0,00     -2,00      0,00      0,00      0,00      3,00      3,00      5,00      0,00      4,00     15,00
s1           11,00      0,00      0,00      0,00     10,00      0,00      1,00      0,00     -8,00     -6,00    -14,00      0,00    -10,00      2,00
s2            1,00      0,00      0,00      0,00      0,00      0,00      0,00      1,00      0,00      0,00      0,00      0,00      0,00      1,00
x2            0,00      1,00      0,00      0,00      0,00      0,00      0,00      0,00      1,00      0,00      0,00      0,00      0,00      1,00
x3            0,00      0,00      1,00      0,00      0,00      0,00      0,00      0,00      0,00      1,00      0,00      0,00      0,00      1,00
x4            0,00      0,00      0,00      1,00      0,00      0,00      0,00      0,00      0,00      0,00      1,00      0,00      0,00      1,00
s6            0,00      0,00      0,00      0,00      1,00      0,00      0,00      0,00      0,00      0,00      0,00      1,00      0,00      1,00
x6            0,00      0,00      0,00      0,00      0,00      1,00      0,00      0,00      0,00      0,00      0,00      0,00      1,00      1,00

--- Tableau Iteration 5 ---
Basic           x1        x2        x3        x4        x5        x6        s1        s2        s3        s4        s5        s6        s7       RHS
Z             0,00      0,00      0,00      0,00     -0,18      0,00      0,18      0,00      1,55      1,91      2,45      0,00      2,18     15,36
x1            1,00      0,00      0,00      0,00      0,91      0,00      0,09      0,00     -0,73     -0,55     -1,27      0,00     -0,91      0,18
s2            0,00      0,00      0,00      0,00     -0,91      0,00     -0,09      1,00      0,73      0,55      1,27      0,00      0,91      0,82
x2            0,00      1,00      0,00      0,00      0,00      0,00      0,00      0,00      1,00      0,00      0,00      0,00      0,00      1,00
x3            0,00      0,00      1,00      0,00      0,00      0,00      0,00      0,00      0,00      1,00      0,00      0,00      0,00      1,00
x4            0,00      0,00      0,00      1,00      0,00      0,00      0,00      0,00      0,00      0,00      1,00      0,00      0,00      1,00
s6            0,00      0,00      0,00      0,00      1,00      0,00      0,00      0,00      0,00      0,00      0,00      1,00      0,00      1,00
x6            0,00      0,00      0,00      0,00      0,00      1,00      0,00      0,00      0,00      0,00      0,00      0,00      1,00      1,00

--- Tableau Iteration 6 ---
Basic           x1        x2        x3        x4        x5        x6        s1        s2        s3        s4        s5        s6        s7       RHS
Z             0,20      0,00      0,00      0,00      0,00      0,00      0,20      0,00      1,40      1,80      2,20      0,00      2,00     15,40
x5            1,10      0,00      0,00      0,00      1,00      0,00      0,10      0,00     -0,80     -0,60     -1,40      0,00     -1,00      0,20
s2            1,00      0,00      0,00      0,00      0,00      0,00      0,00      1,00      0,00      0,00      0,00      0,00      0,00      1,00
x2            0,00      1,00      0,00      0,00      0,00      0,00      0,00      0,00      1,00      0,00      0,00      0,00      0,00      1,00
x3            0,00      0,00      1,00      0,00      0,00      0,00      0,00      0,00      0,00      1,00      0,00      0,00      0,00      1,00
x4            0,00      0,00      0,00      1,00      0,00      0,00      0,00      0,00      0,00      0,00      1,00      0,00      0,00      1,00
s6           -1,10      0,00      0,00      0,00      0,00      0,00     -0,10      0,00      0,80      0,60      1,40      1,00      1,00      0,80
x6            0,00      0,00      0,00      0,00      0,00      1,00      0,00      0,00      0,00      0,00      0,00      0,00      1,00      1,00

================ FINAL RESULT ================
Status: Optimal
Optimal Objective Value (Z): 15,400

Decision Variable Values:
  x1 = 0,000
  x2 = 1,000
  x3 = 1,000
  x4 = 1,000
  x5 = 0,200
  x6 = 1,000
  s1 = 0,000
  s2 = 1,000
  s3 = 0,000
  s4 = 0,000
  s5 = 0,000
  s6 = 0,800
  s7 = 0,000
==============================================

